labels = cell(4, 1);

labels{1} = [1 8 11 13 15 16 25 29 36 55 56 58 60 75 78 79 81 83 85 87 90 91 93 95 97 100 103 106 107 109 113 115 120 121 127 129 134 136 138 141 142 151 165 168 189 190 211 213 219 231 232 243 246 250 254 257 264 269 273 278 281 288 291 293 295 298 305 312 316 321 335 352];

labels{2} = [2 4 7 10 17 23 26 30 64 67 70 74 77 84 86 88 89 92 94 96 101 104 108 111 114 117 118 125 131 133 135 137 139 140 145 154 156 157 158 160 166 170 173 180 182 185 186 193 196 199 200 207 212 216 220 221 222 224 226 228 230 233 236 238 239 241 247 249 255 259 265 268 270 274 275 276 279 282 283 286 290 292 294 300 304 308 310 313 317 320 323 325 328 337 338 339 340 342 344 354 355];

labels{3} = [3 6 12 14 18 20 21 24 28 32 35 37 38 41 42 45 47 49 51 53 54 57 59 61 62 63 65 66 69 72 73 76 80 82 98 99 102 105 110 112 116 119 122 123 124 126 128 130 132 143 153 159 161 164 171 194 210 215 217 240 244 248 252 256 263 267 271 277 280 284 287 289 297 303 307 309 311 315 319 341 345 349 351 357 358 359 360 361 362 363];

labels{4} = [5 9 19 22 27 31 33 34 39 40 43 44 46 48 50 52 68 71 144 146 147 148 149 150 152 155 162 163 167 169 172 174 175 176 177 178 179 181 183 184 187 188 191 192 195 197 198 201 202 203 204 205 206 208 209 214 218 223 225 227 229 234 235 237 242 245 251 253 258 260 261 262 266 272 285 296 299 301 302 306 314 318 322 324 326 327 329 330 331 332 333 334 336 343 346 347 348 350 353 356 364 365];
